Chamfer = 0.09026828408241272
Hausdroff = 0.8339076042175293
Frobenius = 1.0285676717758179
Time = 133.87958255800004
