Chamfer = 0.24936148524284363
Hausdroff = 0.9700432419776917
Frobenius = 1.043613314628601
Time = 136.50488331799988
