Chamfer = 0.028173521161079407
Hausdroff = 0.8018218278884888
Frobenius = 0.8698519468307495
Time = 127.40448054400008
