Chamfer = 0.15786346793174744
Hausdroff = 1.1372636556625366
Frobenius = 1.2457085847854614
Time = 43.29151878499988
