Chamfer = 0.03223055973649025
Hausdroff = 0.4018860459327698
Frobenius = 0.8516351580619812
Time = 189.1859733639999
