Chamfer = 0.01299961842596531
Hausdroff = 0.33243778347969055
Frobenius = 0.8153600692749023
Time = 201.33657477199995
