Chamfer = 0.0051732491701841354
Hausdroff = 0.29828551411628723
Frobenius = 0.819024920463562
Time = 186.82128532100023
