Chamfer = 0.2908918857574463
Hausdroff = 1.1055574417114258
Frobenius = 1.132660984992981
Time = 44.83301340200012
