Chamfer = 0.4615022540092468
Hausdroff = 1.1127986907958984
Frobenius = 1.103083848953247
Time = 48.07519230999992
