Chamfer = 0.46232545375823975
Hausdroff = 1.1127985715866089
Frobenius = 1.130163550376892
Time = 48.956445017999954
