Chamfer = 0.18601524829864502
Hausdroff = 1.1436470746994019
Frobenius = 1.1660906076431274
Time = 43.33521530500002
