Chamfer = 0.03110606223344803
Hausdroff = 0.3983623683452606
Frobenius = 0.7982004880905151
Time = 181.26686606299972
