Chamfer = 0.012827320024371147
Hausdroff = 0.3324376940727234
Frobenius = 0.827894926071167
Time = 173.92536043100017
