Chamfer = 0.005018989555537701
Hausdroff = 0.29819488525390625
Frobenius = 0.8310947418212891
Time = 178.42997267600003
