Chamfer = 0.008754587732255459
Hausdroff = 0.18936122953891754
Frobenius = 1.0063472986221313
Time = 143.93313493999995
