Chamfer = 0.2612888813018799
Hausdroff = 0.7458561062812805
Frobenius = 1.211400032043457
Time = 145.63842445700016
