Chamfer = 0.12503930926322937
Hausdroff = 0.640087902545929
Frobenius = 1.1117141246795654
Time = 136.7112889729999
