Chamfer = 0.3074217438697815
Hausdroff = 1.0982905626296997
Frobenius = 1.1001216173171997
Time = 66.72637801400015
