Chamfer = 0.3971570134162903
Hausdroff = 1.2608755826950073
Frobenius = 1.0756512880325317
Time = 93.97772762099885
