Chamfer = 0.46236515045166016
Hausdroff = 1.1127985715866089
Frobenius = 1.119986891746521
Time = 70.7834798870008
