Chamfer = 0.03458967059850693
Hausdroff = 0.40071403980255127
Frobenius = 0.8421047329902649
Time = 186.25973767999994
