Chamfer = 0.012943394482135773
Hausdroff = 0.3324376940727234
Frobenius = 0.8184033632278442
Time = 190.26171073999967
