Chamfer = 0.005118938162922859
Hausdroff = 0.29746493697166443
Frobenius = 0.8143736720085144
Time = 181.63150828900007
