Chamfer = 0.32952964305877686
Hausdroff = 1.095877766609192
Frobenius = 1.1261190176010132
Time = 45.268717622999986
