Chamfer = 0.3265165686607361
Hausdroff = 1.092018961906433
Frobenius = 1.125497817993164
Time = 136.85387780700012
