Chamfer = 0.4614136815071106
Hausdroff = 1.1127986907958984
Frobenius = 1.1365195798873901
Time = 148.05163790899996
