Chamfer = 0.3917159765958786
Hausdroff = 1.1240882873535156
Frobenius = 1.245429277420044
Time = 138.6824361219999
