Chamfer = 0.09498883783817291
Hausdroff = 0.8491625189781189
Frobenius = 1.0360623598098755
Time = 139.65653911900063
