Chamfer = 0.24961847066879272
Hausdroff = 0.9700430035591125
Frobenius = 1.0305792093276978
Time = 146.41566037300072
