Chamfer = 0.029406443238258362
Hausdroff = 0.7997359037399292
Frobenius = 0.8894057869911194
Time = 137.27608195599987
