Chamfer = 0.32829388976097107
Hausdroff = 1.123252272605896
Frobenius = 1.1040208339691162
Time = 138.50330228500002
