Chamfer = 0.46269720792770386
Hausdroff = 1.1127985715866089
Frobenius = 1.1282392740249634
Time = 148.09083526100005
