Chamfer = 0.07330527156591415
Hausdroff = 1.112492322921753
Frobenius = 1.2280617952346802
Time = 136.93860819099996
