Chamfer = 0.1430811882019043
Hausdroff = 0.8377286195755005
Frobenius = 1.092519998550415
Time = 146.45801268200012
