Chamfer = 0.251331627368927
Hausdroff = 0.9700432419776917
Frobenius = 1.0063204765319824
Time = 149.07602217600015
