Chamfer = 0.032162345945835114
Hausdroff = 0.8316524028778076
Frobenius = 0.8535223603248596
Time = 138.551228562
