Chamfer = 0.41464483737945557
Hausdroff = 1.1588964462280273
Frobenius = 1.0948240756988525
Time = 127.76111073599998
