Chamfer = 0.4640187621116638
Hausdroff = 1.1127985715866089
Frobenius = 1.092158555984497
Time = 139.731511565
