Chamfer = 0.47677141577005386
Hausdroff = 1.1109524965286255
Frobenius = 1.265519380569458
Time = 130.51119964499992
