Chamfer = 0.008431893773376942
Hausdroff = 0.219564288854599
Frobenius = 1.013198733329773
Time = 133.2232915049999
