Chamfer = 0.2622253894805908
Hausdroff = 0.7458565831184387
Frobenius = 1.217036247253418
Time = 132.7354320710001
