Chamfer = 0.12544678151607513
Hausdroff = 0.6397550106048584
Frobenius = 1.1273046731948853
Time = 123.11656954399996
