Chamfer = 0.006923055741935968
Hausdroff = 0.20918534696102142
Frobenius = 0.9973167181015015
Time = 143.107481516
