Chamfer = 0.008280967362225056
Hausdroff = 0.22214050590991974
Frobenius = 1.0288729667663574
Time = 153.6177649399997
