Chamfer = 0.12613394856452942
Hausdroff = 0.6412909030914307
Frobenius = 1.1201204061508179
Time = 129.0400185770004
